26182
11397
26297
32093
30476
16294
18807
22875
31213
16725
27820
13887
26392
3650
13471
18490
29435
24757
6667
29390
16521
3762
2216
21688
1975
3172
32759
19280
3994
20118
26227
3269
32474
21479
4655
26393
20806
20691
25634
9793
7204
15671
31015
5224
21230
11432
1092
13713
17158
22972
29637
13642
4980
25249
22601
13190
12444
26301
13041
6038
31640
22376
9510
4222
24747
2992
2339
29024
4650
5635
20190
24647
1902
32241
28253
15806
14313
12816
25232
3878
4512
23597
12738
14711
20188
1023
26116
20370
395
31603
30033
21007
24652
10926
7476
16671
24659
30188
27305
4764
26713
11153
28021
23420
13423
27299
8194
26381
13705
20146
2410
3785
26820
9327
4510
19185
5627
17856
32068
31782
10261
4595
28976
8219
2464
29274
9375
26493
32706
22753
11410
11623
24836
30401
3095
21013
7670
15401
21530
13221
21063
27105
29524
14550
5320
23325
3568
3672
25556
5568
3338
7799
11232
11822
28770
22598
23800
21908
9817
12515
11779
1269
1420
15600
28148
23210
22426
20583
12309
25030
6117
21834
11347
10555
2856
4146
22159
31177
2804
10652
28281
24496
13616
8412
1137
7343
26159
10435
17664
14491
27364
11006
5692
26402
28655
29961
22824
32526
9762
3519
3578
17507
28493
11797
28695
10029
3720
15810
5868
2308
3789
29275
23415
31990
12029
31276
7320
16198
8602
1820
28032
11094
14379
14376
22475
2892
14859
26017
21141
29129
20826
1867
26084
5603
29334
27730
11615
15757
1727
26486
5858
2291
4932
31538
18061
28646
29437
18011
15544
30296
6282
17668
2465
10686
4651
32191
7293
30398
26888
16337
28410
29666
6533
28005
9329
12287
6017
11493
9706
11396
17741
28796
30687
30437
15038
7197
17830
19119
17069
2254
5771
12492
13342
7820
13702
31361
21627
2799
24841
8447
24101
30283
26197
24095
28582
8007
5673
28749
2026
12502
22549
23884
23271
12756
30909
24171
31446
14583
6969
25565
23897
9236
22837
13049
12245
20232
6207
28549
9829
23980
29039
20934
17518
16722
9832
4012
5836
12142
25667
8418
2067
8031
8366
4994
22627
26986
18387
10571
6579
15828
15380
61
13545
17449
2089
15676
22242
10376
718
22821
13225
8520
8834
5320
2382
1744
18424
7215
56
28574
12162
14324
11779
22873
6665
31995
26830
11484
12812
25428
12928
32483
161
26899
4968
13127
5347
30853
27094
26829
32228
7923
7224
19107
6533
3390
4393
18985
19288
2843
14636
32448
278
2298
22710
7435
24386
8844
21649
7726
24558
8192
30044
30526
14928
31220
9706
23019
3180
13867
28763
183
4167
12312
1666
21469
22031
4913
5405
12866
9317
7435
16066
25869
18259
8177
5963
18255
21246
17157
1385
23303
11086
9081
2894
26221
13826
30874
907
20430
29389
3030
5730
5991
32628
7911
3012
2508
28618
22825
9505
17140
21078
18550
29029
20721
11065
26481
21144
1695
28260
3857
24228
2073
24783
16388
22274
30945
1629
20626
15279
24452
22998
816
24819
29293
21507
17366
18344
29596
14662
24376
22198
18739
19172
21824
7615
1053
6984
13630
14442
28143
7847
7230
22441
21305
28560
23931
16030
4922
